p1,p2,tp1,tp2,qd1,qd2,ad1,ad2,ed1,ed2
0.978701,0.913483,11.9288,14.748,0.00939155,0.0768194,0.369677,0.678109,0.379068,0.754929
0.976827,0.920077,12.1908,14.4868,0.0103935,0.0703596,0.373477,0.660813,0.383871,0.731173
0.974549,0.918453,12.4676,14.2092,0.0116612,0.0705214,0.377863,0.656891,0.389524,0.727413
0.975064,0.925656,12.732,13.9452,0.0120948,0.0568427,0.380843,0.634309,0.392938,0.691151
0.974023,0.925847,12.9884,13.6892,0.0133084,0.0559867,0.384354,0.626621,0.397662,0.682608
0.971718,0.930111,13.2624,13.4148,0.0137034,0.0507924,0.388721,0.610067,0.402424,0.660859
0.971083,0.930908,13.5268,13.15,0.0141893,0.0479577,0.393362,0.605352,0.407551,0.65331
0.971408,0.933691,13.8072,12.87,0.0156281,0.042386,0.397142,0.5914,0.41277,0.633786
0.968392,0.937342,14.0812,12.596,0.016715,0.0405016,0.4044,0.579431,0.421115,0.619932
0.968785,0.933675,14.3508,12.326,0.0164208,0.0373903,0.406289,0.573451,0.42271,0.610842
0.96712,0.937607,14.6128,12.064,0.018289,0.0368423,0.411685,0.562435,0.429974,0.599277
0.966109,0.938217,14.8688,11.8084,0.0179328,0.0359544,0.415859,0.556803,0.433791,0.592758
0.964581,0.940349,15.1308,11.5456,0.0196871,0.032376,0.420787,0.547668,0.440474,0.580044
0.96232,0.942425,15.3952,11.2812,0.0200535,0.0299829,0.427012,0.538733,0.447066,0.568716
0.963536,0.947606,15.6748,11.0036,0.0214261,0.0264695,0.429505,0.526142,0.450931,0.552612
0.962368,0.948391,15.9372,10.7392,0.0233254,0.025063,0.433793,0.521008,0.457118,0.546071
0.96164,0.950004,16.2044,10.4736,0.0236123,0.023593,0.436837,0.513693,0.46045,0.537286
0.974002,0.92411,11.9288,14.7488,0.0115602,0.0580335,0.385938,0.627132,0.397498,0.685165
0.9724,0.926477,12.1904,14.4864,0.0115921,0.0566506,0.389649,0.61624,0.401241,0.672891
0.971238,0.933099,12.4672,14.2096,0.012295,0.0488245,0.392972,0.596768,0.405267,0.645592
0.971195,0.932887,12.7312,13.9448,0.0135723,0.0451752,0.395795,0.590965,0.409368,0.63614
0.971983,0.935387,12.9888,13.6892,0.0137334,0.044969,0.399908,0.577357,0.413641,0.622326
0.9682,0.938387,13.2624,13.4148,0.0159591,0.0412374,0.407088,0.568981,0.423047,0.610219
0.968054,0.938966,13.5272,13.1504,0.0163126,0.0391888,0.410105,0.562091,0.426418,0.60128
0.967083,0.941726,13.8084,12.87,0.0175258,0.0364312,0.415885,0.548846,0.43341,0.585278
0.96661,0.943268,14.0808,12.5964,0.0185079,0.0329251,0.418966,0.543169,0.437474,0.576094
0.964048,0.943539,14.3512,12.3264,0.0185464,0.0309582,0.425388,0.534285,0.443934,0.565243
0.962332,0.944686,14.6132,12.0644,0.0202981,0.027139,0.430453,0.526465,0.450752,0.553603
0.960689,0.947858,14.868,11.8088,0.0214376,0.0269446,0.435645,0.516214,0.457083,0.543159
0.9612,0.948164,15.1316,11.5456,0.0222525,0.024677,0.439491,0.513018,0.461743,0.537695
0.95956,0.952547,15.3948,11.2812,0.0240631,0.0226854,0.446112,0.501363,0.470176,0.524049
0.958443,0.952924,15.674,11.0036,0.0264022,0.0230985,0.450263,0.497434,0.476666,0.520533
0.956435,0.954426,15.9388,10.7392,0.0272586,0.0203701,0.457175,0.488216,0.484434,0.508586
0.954724,0.956876,16.2032,10.4732,0.0281005,0.0199267,0.462768,0.481244,0.490869,0.501171
0.972827,0.927292,11.9288,14.7484,0.0123462,0.0534184,0.393236,0.603713,0.405582,0.657131
0.970791,0.930955,12.1908,14.4864,0.013074,0.0507802,0.397246,0.587479,0.41032,0.63826
0.971632,0.933859,12.4672,14.2096,0.0127399,0.0463137,0.398241,0.581439,0.410981,0.627752
0.971109,0.936248,12.7324,13.9456,0.0139206,0.0425912,0.404142,0.569467,0.418063,0.612059
0.969486,0.939341,12.9884,13.6892,0.0152098,0.0395987,0.409011,0.559988,0.424221,0.599587
0.964368,0.937364,13.2616,13.4148,0.0165066,0.0370103,0.417863,0.553535,0.43437,0.590545
0.965565,0.942465,13.5264,13.1504,0.0174591,0.0337978,0.420284,0.540351,0.437743,0.574148
0.964594,0.945684,13.8072,12.87,0.0184391,0.0327074,0.424645,0.534952,0.443085,0.567659
0.964463,0.942365,14.08,12.5964,0.0200625,0.0291686,0.430536,0.528067,0.450598,0.557236
0.963295,0.944118,14.3504,12.3264,0.0208094,0.0282305,0.435249,0.52023,0.456058,0.54846
0.961976,0.948608,14.6128,12.0644,0.0217114,0.0263093,0.440157,0.509961,0.461869,0.53627
0.959029,0.950636,14.8684,11.8088,0.0234503,0.0245004,0.446735,0.50143,0.470185,0.525931
0.957842,0.951602,15.1316,11.5456,0.0229692,0.0235793,0.451274,0.495684,0.474243,0.519263
0.956346,0.952484,15.3964,11.2816,0.0254424,0.0206142,0.457438,0.489369,0.482881,0.509983
0.955615,0.956802,15.674,11.0036,0.0274126,0.0208713,0.462941,0.481225,0.490354,0.502096
0.955725,0.957114,15.9392,10.7392,0.0272088,0.0199851,0.466509,0.474385,0.493718,0.49437
0.952525,0.95877,16.2036,10.4736,0.0310642,0.0182143,0.474732,0.468343,0.505797,0.486558
0.964674,0.947818,11.928,14.7488,0.018073,0.0312882,0.440932,0.505329,0.459006,0.536617
0.962633,0.950079,12.1904,14.4868,0.0183146,0.0296898,0.447138,0.496732,0.465452,0.526422
0.961587,0.951163,12.4664,14.21,0.0210589,0.0288773,0.451032,0.490631,0.472091,0.519509
0.960732,0.950387,12.732,13.9456,0.0223903,0.0274969,0.458633,0.486146,0.481024,0.513643
0.956515,0.952756,12.9868,13.6892,0.0238744,0.0250787,0.468098,0.477266,0.491973,0.502345
0.95523,0.955443,13.2628,13.4148,0.0246539,0.0243233,0.473761,0.470438,0.498414,0.494761
0.953477,0.957674,13.5264,13.1504,0.0282386,0.0217094,0.480386,0.463574,0.508625,0.485283
0.954245,0.954125,13.8064,12.87,0.0279677,0.0213732,0.485781,0.462344,0.513748,0.483717
0.950427,0.959156,14.08,12.5964,0.0311649,0.0198484,0.497081,0.455592,0.528246,0.47544
0.948171,0.960359,14.35,12.3264,0.0331687,0.0184394,0.503645,0.446468,0.536814,0.464908
0.949254,0.96361,14.6132,12.0644,0.0359056,0.016877,0.507311,0.440842,0.543217,0.457719
0.945731,0.961065,14.8684,11.8088,0.0372547,0.016047,0.515962,0.439451,0.553217,0.455498
0.944451,0.964512,15.132,11.5456,0.0404437,0.0160687,0.522014,0.431943,0.562458,0.448012
0.944514,0.961511,15.3952,11.2816,0.042354,0.0160831,0.52912,0.429979,0.571474,0.446062
0.939502,0.968866,15.6724,11.0036,0.0465867,0.013805,0.539053,0.419095,0.585639,0.4329
0.937947,0.967356,15.9376,10.7392,0.047258,0.0134167,0.54889,0.415654,0.596148,0.429071
0.937295,0.967592,16.2032,10.4736,0.0500684,0.0128283,0.553927,0.414113,0.603995,0.426941
